[gd_scene load_steps=2 format=3 uid="uid://bag3fvwrkumnn"]

[ext_resource type="PackedScene" uid="uid://bbjucn8nkll68" path="res://Models/Character_2.glb" id="1_wwqn6"]

[node name="Character_Model" instance=ExtResource("1_wwqn6")]

[node name="Skeleton3D" parent="Armature" index="0"]
bones/0/position = Vector3(-0.0528647, 0.400791, 1.37158e-08)
bones/0/rotation = Quaternion(5.43116e-10, 1.61222e-07, -0.233608, 0.972331)
bones/1/rotation = Quaternion(-3.55271e-15, -1.19209e-07, 4.23516e-22, 1)
bones/1/scale = Vector3(1, 1, 1)
bones/2/scale = Vector3(1, 1, 1)
bones/3/rotation = Quaternion(-8.32667e-16, 1.38775e-16, -7.45058e-09, 1)
bones/3/scale = Vector3(1, 1, 1)
bones/7/rotation = Quaternion(-0.964633, -0.109706, -0.202807, 0.127741)
bones/7/scale = Vector3(1, 1, 1)
bones/8/rotation = Quaternion(-0.0894428, -6.02449e-07, -0.748337, 0.65726)
bones/9/rotation = Quaternion(0.7071, 0.00299752, 0.00406014, 0.707096)
bones/9/scale = Vector3(1, 1, 1)
bones/11/rotation = Quaternion(0.940235, 0.0176337, -0.335329, 0.056587)
bones/11/scale = Vector3(1, 1, 1)
bones/12/rotation = Quaternion(0.565892, 0.490743, -0.44509, 0.490746)
bones/12/scale = Vector3(1, 1, 1)
bones/13/rotation = Quaternion(0.502865, 0.502108, 0.497124, -0.497877)
bones/13/scale = Vector3(1, 1, 1)
bones/14/rotation = Quaternion(-0.706318, 0.00352192, -0.00246605, 0.707882)
bones/17/rotation = Quaternion(0.804139, 0.593208, 0.0216537, -0.0315609)
bones/18/rotation = Quaternion(-1.20202e-07, 4.00144e-08, 0.595481, 0.803369)
bones/19/rotation = Quaternion(0.99998, -0.0063219, 5.34357e-08, -2.21193e-08)
bones/20/rotation = Quaternion(0.99998, 0.00630037, -1.07104e-08, -2.42149e-08)
bones/21/rotation = Quaternion(0.80249, 0.593929, -0.0324527, 0.046952)
bones/22/rotation = Quaternion(-1.12485e-06, -9.03815e-08, 0.598914, 0.800813)
bones/23/rotation = Quaternion(0.99998, -0.00632188, -1.52973e-07, -3.6788e-08)
bones/23/scale = Vector3(1, 1, 1)
bones/24/rotation = Quaternion(0.99998, 0.00630042, -9.96535e-08, -3.5391e-08)
bones/26/rotation = Quaternion(0.707107, 0.707107, -1.84042e-07, 1.84042e-07)
bones/27/position = Vector3(3.33067e-17, 0.00202457, -0.093385)
bones/27/rotation = Quaternion(0.707107, -0.707107, 1.54543e-08, 1.54543e-08)
bones/28/position = Vector3(2.07795e-05, 2.02659e-07, 1.45442e-06)
bones/28/rotation = Quaternion(-5.55717e-08, -2.4213e-10, 0.999792, -0.0203953)
bones/28/scale = Vector3(1, 1, 1)
bones/29/scale = Vector3(1, 0.999999, 1)
bones/30/position = Vector3(-0.288238, 0.559072, -0.323165)
bones/30/rotation = Quaternion(-0.499448, 0.499448, 0.500552, 0.500552)
bones/30/scale = Vector3(1, 1, 1)
bones/31/position = Vector3(0.213196, 0.433347, -0.0597751)
bones/31/rotation = Quaternion(0.934803, -0.229643, 0.264871, 0.0570113)
bones/32/position = Vector3(8.12113e-06, 3.93502e-06, 1.49608e-06)
bones/33/rotation = Quaternion(0.707107, -9.5489e-09, -7.57326e-09, 0.707107)
bones/35/position = Vector3(-0.00137055, 0.00480959, 0.10769)
bones/36/position = Vector3(-2.31746e-06, 2.9317e-07, -2.19733e-05)
bones/36/rotation = Quaternion(0.706955, -0.0144216, 0.706965, -0.0144218)
bones/38/position = Vector3(-0.166282, 0.616502, 0.304543)
bones/38/rotation = Quaternion(-0.500552, 0.500552, 0.499448, 0.499447)
bones/38/scale = Vector3(1, 1, 1)
bones/39/position = Vector3(0.125579, 0.412426, 0.00135249)
bones/39/rotation = Quaternion(0.506532, -0.0431477, -0.750088, -0.423002)
bones/40/position = Vector3(-3.7449e-06, 1.7157e-05, -2.54322e-05)
bones/40/rotation = Quaternion(3.56473e-08, -0.707107, 0.707107, -5.86534e-08)
bones/40/scale = Vector3(1, 1, 1)
bones/41/rotation = Quaternion(0.5, 0.5, 0.5, -0.5)

[node name="Head_2" parent="Armature/Skeleton3D" index="0"]
transform = Transform3D(0.890855, 0.454288, 7.37949e-08, -0.454288, 0.890855, -2.11701e-08, -7.53579e-08, -1.46646e-08, 1, -0.281314, -0.0471966, 5.10639e-08)

[node name="Neck_2" parent="Armature/Skeleton3D" index="1"]
transform = Transform3D(0.890855, 0.454288, 7.37949e-08, -0.454288, 0.890855, -2.11701e-08, -7.53579e-08, -1.46646e-08, 1, -0.281314, -0.0471967, 5.10639e-08)

[node name="Lower_Hand_R" parent="Armature/Skeleton3D" index="2"]
transform = Transform3D(0.156472, 0.541749, -0.825848, 0.987096, -0.0569776, 0.149647, 0.0340163, -0.838607, -0.543674, -0.693606, 0.563667, 0.329623)

[node name="Upper_Hand_R" parent="Armature/Skeleton3D" index="3"]
transform = Transform3D(0.871036, 0.454047, 0.187451, -0.255303, 0.0924331, 0.962433, 0.419663, -0.886171, 0.196432, -0.25843, 0.727751, 0.633589)

[node name="Lower_Hand_R_001" parent="Armature/Skeleton3D" index="4"]
transform = Transform3D(0.451677, 0.642079, 0.619453, 0.892147, -0.331147, -0.30727, 0.00783818, 0.69143, -0.722401, -0.75007, 0.858729, -0.165267)

[node name="Upper_Hand_R_001" parent="Armature/Skeleton3D" index="5"]
transform = Transform3D(0.691958, 0.611804, -0.383261, -0.348603, -0.18173, -0.919484, -0.632194, 0.76985, 0.0875269, -0.364139, 0.951133, -0.523033)

[node name="Chest_2" parent="Armature/Skeleton3D" index="6"]
transform = Transform3D(0.890855, 0.454288, 7.37949e-08, -0.454288, 0.890855, -2.11701e-08, -7.53579e-08, -1.46646e-08, 1, -0.281314, -0.0471969, 5.10639e-08)

[node name="Torso_2" parent="Armature/Skeleton3D" index="7"]
transform = Transform3D(0.890855, 0.454288, 7.37949e-08, -0.454288, 0.890855, -2.11701e-08, -7.53579e-08, -1.46646e-08, 1, -0.281314, -0.0471972, 5.10639e-08)

[node name="Lower_Leg_L" parent="Armature/Skeleton3D" index="8"]
transform = Transform3D(0.894524, 0.445843, -0.0323962, -0.447014, 0.891839, -0.0692947, -0.00200238, 0.0764674, 0.99707, -0.00291505, -0.00413701, -0.0246255)

[node name="Upper_Leg_L" parent="Armature/Skeleton3D" index="9"]
transform = Transform3D(0.704818, -0.708648, -0.0323961, 0.70573, 0.705084, -0.0692949, 0.0719477, 0.0259774, 0.99707, 0.275619, 0.0373398, -0.012693)

[node name="Lower_Leg_L_001" parent="Armature/Skeleton3D" index="10"]
transform = Transform3D(0.892131, 0.44917, 0.048462, -0.451764, 0.886154, 0.103151, 0.00338741, -0.113917, 0.993484, -0.00430051, -0.00456335, 0.0367251)

[node name="Upper_Leg_L_001" parent="Armature/Skeleton3D" index="11"]
transform = Transform3D(0.701159, -0.711356, 0.0484624, 0.704872, 0.701795, 0.103148, -0.107386, -0.0381636, 0.993485, 0.275429, 0.0379102, 0.0186695)

[node name="Hip_2" parent="Armature/Skeleton3D" index="12"]
transform = Transform3D(0.890855, 0.454288, 7.37948e-08, -0.454288, 0.890855, -2.11701e-08, -7.53578e-08, -1.46646e-08, 1, -0.281314, -0.0471972, 5.10639e-08)

[node name="Feet_L_2" parent="Armature/Skeleton3D" index="13"]
transform = Transform3D(0.999999, 1.37836e-07, -1.23987e-11, -1.49012e-08, 1, -3.03551e-10, 1.2407e-11, 3.03643e-10, 1, -1.73068e-07, 0.000485586, -0.0243071)

[node name="Palm_R" parent="Armature/Skeleton3D" index="14"]
transform = Transform3D(0.459544, 0.469019, -0.754215, 0.888028, -0.22824, 0.399141, 0.0150627, -0.853187, -0.521388, -0.59371, 0.843888, 0.35406)

[node name="Feet_L_001" parent="Armature/Skeleton3D" index="15"]
transform = Transform3D(1, 3.35274e-08, 6.66672e-08, 2.60777e-08, 1, -9.48012e-08, -7.03395e-08, -7.16054e-08, 1, -3.05357e-07, 0.00326944, 0.036081)

[node name="Palm_R_001" parent="Armature/Skeleton3D" index="16"]
transform = Transform3D(0.678289, 0.128988, 0.723385, 0.638414, -0.590867, -0.493258, 0.3638, 0.796391, -0.483126, -0.384458, 1.17672, -0.385203)
