[gd_scene load_steps=3 format=3 uid="uid://bag3fvwrkumnn"]

[ext_resource type="PackedScene" uid="uid://bbjucn8nkll68" path="res://Models/Character_2.glb" id="1_wwqn6"]
[ext_resource type="Material" uid="uid://rs8en1m5jirs" path="res://Materials/hologram.tres" id="2_gdjwb"]

[node name="Character_Model" instance=ExtResource("1_wwqn6")]

[node name="Skeleton3D" parent="Armature" index="0"]
bones/0/rotation = Quaternion(-2.197e-08, 1.31408e-07, -0.0641558, 0.99794)
bones/1/rotation = Quaternion(-3.55271e-15, -1.19209e-07, 4.23516e-22, 1)
bones/3/rotation = Quaternion(-3.46945e-18, -9.06425e-17, 6.93932e-18, 1)
bones/7/position = Vector3(0.001755, 0.0445258, -0.121023)
bones/7/rotation = Quaternion(-0.692875, 0.122364, 0.206066, 0.680065)
bones/7/scale = Vector3(3.52464, 1.07598, 0.293775)
bones/8/rotation = Quaternion(-0.00405941, 0.0031243, -0.362258, 0.932064)
bones/8/scale = Vector3(2.30339, 0.79223, 0.99992)
bones/9/rotation = Quaternion(0.7071, 0.00299752, 0.00406014, 0.707096)
bones/9/scale = Vector3(1, 1, 1)
bones/11/position = Vector3(-0.00312556, 0.0439476, 0.123556)
bones/11/rotation = Quaternion(0.693362, -0.119663, 0.203468, 0.680831)
bones/11/scale = Vector3(3.52555, 1.07533, 0.293737)
bones/12/rotation = Quaternion(0.259085, 0.656893, -0.25346, 0.661155)
bones/12/scale = Vector3(0.99992, 0.791716, 2.30698)
bones/13/rotation = Quaternion(0.502865, 0.502108, 0.497124, -0.497877)
bones/13/scale = Vector3(1, 1, 1)
bones/14/rotation = Quaternion(-0.706318, 0.00352192, -0.00246605, 0.707882)
bones/17/rotation = Quaternion(0.995788, 0.0916885, 1.15145e-07, -3.82359e-08)
bones/18/rotation = Quaternion(-5.59037e-08, 4.18805e-08, 0.237866, 0.971298)
bones/19/rotation = Quaternion(0.99998, -0.0063219, 5.34357e-08, -2.21193e-08)
bones/20/rotation = Quaternion(0.99998, 0.00630037, -1.07104e-08, -2.42149e-08)
bones/21/rotation = Quaternion(0.99566, 0.0930681, 7.08809e-08, -2.0722e-07)
bones/22/rotation = Quaternion(-4.43202e-07, -1.08743e-07, 0.240522, 0.970644)
bones/23/rotation = Quaternion(0.99998, -0.00632188, -1.52973e-07, -3.6788e-08)
bones/23/scale = Vector3(1, 1, 1)
bones/24/rotation = Quaternion(0.99998, 0.00630042, -9.96535e-08, -3.5391e-08)
bones/26/rotation = Quaternion(0.707107, 0.707107, -1.84042e-07, 1.84042e-07)
bones/27/position = Vector3(-0.088244, 0.0233271, -0.0690794)
bones/27/rotation = Quaternion(0.569238, -0.822173, -4.5509e-09, 3.49611e-08)
bones/28/position = Vector3(3.98227e-06, -4.84946e-07, -1.44457e-08)
bones/28/rotation = Quaternion(-5.55717e-08, -2.42129e-10, 0.999792, -0.0203953)
bones/28/scale = Vector3(1, 1, 1)
bones/29/scale = Vector3(1, 0.999999, 1)
bones/30/rotation = Quaternion(-0.499448, 0.499448, 0.500552, 0.500552)
bones/30/scale = Vector3(1, 1, 1)
bones/32/position = Vector3(0.0113116, -0.004356, 0.00125532)
bones/33/rotation = Quaternion(0.707107, -9.5489e-09, -7.57326e-09, 0.707107)
bones/35/position = Vector3(-0.0895269, 0.0238094, 0.0716117)
bones/35/rotation = Quaternion(0.402512, -0.581364, -0.402512, -0.581364)
bones/36/position = Vector3(1.0533e-08, -7.36974e-07, -6.40829e-06)
bones/36/rotation = Quaternion(0.706955, -0.0144216, 0.706965, -0.0144218)
bones/38/rotation = Quaternion(-0.500552, 0.500552, 0.499448, 0.499447)
bones/39/position = Vector3(-0.00137051, 0.825236, 0.559216)
bones/39/rotation = Quaternion(0.707107, -0.707107, 1.54543e-08, 1.54543e-08)
bones/40/position = Vector3(-0.00126626, -0.00443176, -0.0112753)
bones/40/rotation = Quaternion(2.24764e-08, -0.707107, 0.707107, -5.33851e-08)
bones/40/scale = Vector3(1, 1, 1)
bones/41/rotation = Quaternion(0.5, 0.5, 0.5, -0.5)

[node name="Head_2" parent="Armature/Skeleton3D" index="0"]
transform = Transform3D(0.991768, 0.128047, 2.1006e-08, -0.128047, 0.991768, -1.59689e-09, -2.10376e-08, -1.10601e-09, 1, -0.0643916, 0.00414038, 3.05298e-08)

[node name="Head_2" parent="Armature/Skeleton3D/Head_2" index="0"]
material_override = ExtResource("2_gdjwb")

[node name="Neck_2" parent="Armature/Skeleton3D" index="1"]
transform = Transform3D(0.991768, 0.128047, 2.1006e-08, -0.128047, 0.991768, -1.5969e-09, -2.10376e-08, -1.106e-09, 1, -0.0643917, 0.00414008, 3.05298e-08)

[node name="Neck_2" parent="Armature/Skeleton3D/Neck_2" index="0"]
material_override = ExtResource("2_gdjwb")

[node name="Lower_Hand_R" parent="Armature/Skeleton3D" index="2"]
transform = Transform3D(6.11111, 0.0184353, -1.33691, -0.0442876, 0.293741, 0.000408605, -1.22751, -0.0143015, 1.40085, -0.551376, 0.583048, 0.161782)

[node name="Lower_Hand_R" parent="Armature/Skeleton3D/Lower_Hand_R" index="0"]
material_override = ExtResource("2_gdjwb")

[node name="Upper_Hand_R" parent="Armature/Skeleton3D" index="3"]
transform = Transform3D(3.14805, -0.00310592, 0.459579, -0.0121494, 0.293797, -0.0131194, -1.58489, 0.00314217, 0.973217, 0.10117, 0.578242, -0.00583257)

[node name="Upper_Hand_R" parent="Armature/Skeleton3D/Upper_Hand_R" index="0"]
material_override = ExtResource("2_gdjwb")

[node name="Lower_Hand_R_001" parent="Armature/Skeleton3D" index="4"]
transform = Transform3D(6.12939, 0.0176935, 1.34808, -0.0443041, 0.293705, -0.000505483, 1.18229, 0.0136966, 1.3896, -0.552832, 0.583076, -0.155989)

[node name="Lower_Hand_R_001" parent="Armature/Skeleton3D/Lower_Hand_R_001" index="0"]
material_override = ExtResource("2_gdjwb")

[node name="Upper_Hand_R_001" parent="Armature/Skeleton3D" index="5"]
transform = Transform3D(3.16098, -0.00313299, -0.451791, -0.0122879, 0.293759, 0.0129972, 1.56099, -0.00308898, 0.976142, 0.100812, 0.578289, 0.00763436)

[node name="Upper_Hand_R_001" parent="Armature/Skeleton3D/Upper_Hand_R_001" index="0"]
material_override = ExtResource("2_gdjwb")

[node name="Chest_2" parent="Armature/Skeleton3D" index="6"]
transform = Transform3D(0.991768, 0.128047, 2.1006e-08, -0.128047, 0.991768, -1.5969e-09, -2.10376e-08, -1.106e-09, 1, -0.0643917, 0.0041399, 3.05298e-08)

[node name="Chest_2" parent="Armature/Skeleton3D/Chest_2" index="0"]
material_override = ExtResource("2_gdjwb")

[node name="Torso_2" parent="Armature/Skeleton3D" index="7"]
transform = Transform3D(0.991768, 0.128047, 2.1006e-08, -0.128047, 0.991768, -1.5969e-09, -2.10376e-08, -1.106e-09, 1, -0.0643917, 0.00413984, 3.05298e-08)

[node name="Torso_2" parent="Armature/Skeleton3D/Torso_2" index="0"]
material_override = ExtResource("2_gdjwb")

[node name="Lower_Leg_L" parent="Armature/Skeleton3D" index="8"]
transform = Transform3D(0.916138, 0.400862, 5.0034e-08, -0.400862, 0.916138, 4.18773e-10, -4.56703e-08, -2.04404e-08, 1, -0.0888537, 0.0219322, 2.98023e-08)

[node name="Lower_Leg_L" parent="Armature/Skeleton3D/Lower_Leg_L" index="0"]
material_override = ExtResource("2_gdjwb")

[node name="Upper_Leg_L" parent="Armature/Skeleton3D" index="9"]
transform = Transform3D(0.999091, -0.0426214, 1.31346e-08, 0.0426213, 0.999091, -9.04293e-08, -9.26843e-09, 9.09069e-08, 1, 0.0176705, 0.000618607, -7.45058e-09)

[node name="Upper_Leg_L" parent="Armature/Skeleton3D/Upper_Leg_L" index="0"]
material_override = ExtResource("2_gdjwb")

[node name="Lower_Leg_L_001" parent="Armature/Skeleton3D" index="10"]
transform = Transform3D(0.915053, 0.403334, 1.76304e-07, -0.403334, 0.915053, 5.07134e-07, 4.32163e-08, -5.35164e-07, 1, -0.0888864, 0.0218614, 2.23517e-08)

[node name="Lower_Leg_L_001" parent="Armature/Skeleton3D/Lower_Leg_L_001" index="0"]
material_override = ExtResource("2_gdjwb")

[node name="Upper_Leg_L_001" parent="Armature/Skeleton3D" index="11"]
transform = Transform3D(0.998969, -0.0453896, -8.65469e-08, 0.0453896, 0.99897, -4.63195e-07, 1.07482e-07, 4.58789e-07, 1, 0.0190115, 0.000914723, -2.01166e-07)

[node name="Upper_Leg_L_001" parent="Armature/Skeleton3D/Upper_Leg_L_001" index="0"]
material_override = ExtResource("2_gdjwb")

[node name="Hip_2" parent="Armature/Skeleton3D" index="12"]
transform = Transform3D(0.991768, 0.128047, 2.10054e-08, -0.128047, 0.991768, -1.59684e-09, -2.1037e-08, -1.10599e-09, 1, -0.0643917, 0.00413966, 3.05298e-08)

[node name="Hip_2" parent="Armature/Skeleton3D/Hip_2" index="0"]
material_override = ExtResource("2_gdjwb")

[node name="Feet_L_2" parent="Armature/Skeleton3D" index="13"]
transform = Transform3D(0.936024, 0.351936, 4.71671e-08, -0.351936, 0.936023, -8.87557e-09, -4.72732e-08, -8.29208e-09, 1, -0.0887792, 0.0219021, -1.49012e-08)

[node name="Feet_L_2" parent="Armature/Skeleton3D/Feet_L_2" index="0"]
material_override = ExtResource("2_gdjwb")

[node name="Palm_R" parent="Armature/Skeleton3D" index="14"]
transform = Transform3D(1, -2.79398e-09, -2.42144e-08, 2.79398e-09, 1, 0, 2.42144e-08, 0, 1, 0.004356, 0.00125533, -0.0113116)

[node name="Palm_R" parent="Armature/Skeleton3D/Palm_R" index="0"]
material_override = ExtResource("2_gdjwb")

[node name="Feet_L_001" parent="Armature/Skeleton3D" index="15"]
transform = Transform3D(0.936024, 0.351936, -5.65574e-08, -0.351936, 0.936024, -2.71048e-07, -4.0864e-08, 2.85114e-07, 1, -0.0887799, 0.0218998, -4.47035e-08)

[node name="Feet_L_001" parent="Armature/Skeleton3D/Feet_L_001" index="0"]
material_override = ExtResource("2_gdjwb")

[node name="Palm_R_001" parent="Armature/Skeleton3D" index="16"]
transform = Transform3D(1, 1.07284e-07, -1.77636e-15, -1.07284e-07, 1, -1.49214e-13, 6.4659e-15, 1.49214e-13, 1, 0.00443183, 0.00126612, 0.011275)

[node name="Palm_R_001" parent="Armature/Skeleton3D/Palm_R_001" index="0"]
material_override = ExtResource("2_gdjwb")
