[gd_scene load_steps=2 format=3 uid="uid://bag3fvwrkumnn"]

[ext_resource type="PackedScene" uid="uid://bbjucn8nkll68" path="res://Models/Character_2.glb" id="1_wwqn6"]

[node name="Character_Model" instance=ExtResource("1_wwqn6")]

[node name="Skeleton3D" parent="Armature" index="0"]
bones/0/rotation = Quaternion(-2.98023e-08, 1.19209e-07, 2.11758e-22, 1)
bones/1/rotation = Quaternion(-3.55271e-15, -1.19209e-07, 4.23516e-22, 1)
bones/1/scale = Vector3(1, 1, 1)
bones/2/scale = Vector3(1, 1, 1)
bones/3/rotation = Quaternion(-8.32667e-16, 1.38775e-16, -7.45058e-09, 1)
bones/3/scale = Vector3(1, 1, 1)
bones/7/rotation = Quaternion(-0.958756, 0.176965, -0.154676, 0.159833)
bones/7/scale = Vector3(1, 1, 1)
bones/8/rotation = Quaternion(-0.0544842, -7.6415e-07, -0.455851, 0.888387)
bones/9/rotation = Quaternion(0.7071, 0.00299752, 0.00406014, 0.707096)
bones/9/scale = Vector3(1, 1, 1)
bones/11/rotation = Quaternion(0.962255, -0.181464, -0.140461, 0.146312)
bones/11/scale = Vector3(1, 1, 1)
bones/12/rotation = Quaternion(0.34304, 0.636208, -0.26981, 0.636212)
bones/12/scale = Vector3(1, 1, 1)
bones/13/rotation = Quaternion(0.502865, 0.502108, 0.497124, -0.497877)
bones/13/scale = Vector3(1, 1, 1)
bones/14/rotation = Quaternion(-0.706318, 0.00352192, -0.00246605, 0.707882)
bones/17/rotation = Quaternion(0.999351, 0.000157692, 0.0256202, -0.0253282)
bones/18/rotation = Quaternion(-1.49469e-08, 3.98334e-08, 0.00161781, 0.999999)
bones/19/rotation = Quaternion(0.99998, -0.0063219, 5.34357e-08, -2.21193e-08)
bones/20/rotation = Quaternion(0.99998, 0.00630037, -1.07104e-08, -2.42149e-08)
bones/21/rotation = Quaternion(0.997604, 0.0436641, -0.0397687, 0.0360278)
bones/22/rotation = Quaternion(-1.58777e-07, -1.08464e-07, 0.0904009, 0.995906)
bones/23/rotation = Quaternion(0.99998, -0.00632188, -1.52973e-07, -3.6788e-08)
bones/23/scale = Vector3(1, 1, 1)
bones/24/rotation = Quaternion(0.99998, 0.00630042, -9.96535e-08, -3.5391e-08)
bones/26/rotation = Quaternion(0.707107, 0.707107, -1.84042e-07, 1.84042e-07)
bones/27/position = Vector3(3.33067e-17, 0.00202457, -0.093385)
bones/27/rotation = Quaternion(0.707107, -0.707107, 1.54543e-08, 1.54543e-08)
bones/28/position = Vector3(2.07795e-05, 2.02659e-07, 1.45442e-06)
bones/28/rotation = Quaternion(-5.55717e-08, -2.4213e-10, 0.999792, -0.0203953)
bones/28/scale = Vector3(1, 1, 1)
bones/29/scale = Vector3(1, 0.999999, 1)
bones/30/position = Vector3(-0.159912, 0.659654, -0.218393)
bones/30/rotation = Quaternion(-0.499448, 0.499448, 0.500552, 0.500552)
bones/30/scale = Vector3(1, 1, 1)
bones/31/position = Vector3(0.0354457, 0.445461, -0.191594)
bones/31/rotation = Quaternion(0.87452, -0.483816, -0.0295082, -0.016325)
bones/32/position = Vector3(8.12113e-06, 3.93502e-06, 1.49608e-06)
bones/33/rotation = Quaternion(0.707107, -9.5489e-09, -7.57326e-09, 0.707107)
bones/35/position = Vector3(-0.00137055, 0.00480959, 0.10769)
bones/36/position = Vector3(-2.31746e-06, 2.9317e-07, -2.19733e-05)
bones/36/rotation = Quaternion(0.706955, -0.0144216, 0.706965, -0.0144218)
bones/38/position = Vector3(-0.161282, 0.658135, 0.211051)
bones/38/rotation = Quaternion(-0.500552, 0.500552, 0.499448, 0.499447)
bones/38/scale = Vector3(1, 1, 1)
bones/39/position = Vector3(0.021416, 0.439132, 0.1921)
bones/39/rotation = Quaternion(0.604952, -0.360752, -0.609679, -0.363571)
bones/40/position = Vector3(-3.7449e-06, 1.7157e-05, -2.54322e-05)
bones/40/rotation = Quaternion(3.56473e-08, -0.707107, 0.707107, -5.86534e-08)
bones/40/scale = Vector3(1, 1, 1)
bones/41/rotation = Quaternion(0.5, 0.5, 0.5, -0.5)

[node name="Head_2" parent="Armature/Skeleton3D" index="0"]
transform = Transform3D(1, 1.49012e-08, 1.36002e-14, -1.49011e-08, 1, 3.90799e-14, -4.20219e-14, -2.4869e-14, 1, 2.20181e-10, 7.7486e-07, 2.99736e-08)

[node name="Neck_2" parent="Armature/Skeleton3D" index="1"]
transform = Transform3D(1, 1.49012e-08, 1.36002e-14, -1.49011e-08, 1, 3.19744e-14, -4.20219e-14, -1.77636e-14, 1, 2.20179e-10, 6.55651e-07, 2.99736e-08)

[node name="Lower_Hand_R" parent="Armature/Skeleton3D" index="2"]
transform = Transform3D(0.777858, 0.36602, -0.510849, 0.494825, 0.14439, 0.856913, 0.387408, -0.919338, -0.0688013, -0.550988, 0.803329, 0.528776)

[node name="Upper_Hand_R" parent="Armature/Skeleton3D" index="3"]
transform = Transform3D(0.892472, 0.351198, 0.283114, -0.380873, 0.250346, 0.890092, 0.241722, -0.902213, 0.357188, -0.255375, 0.725974, 0.666274)

[node name="Lower_Hand_R_001" parent="Armature/Skeleton3D" index="4"]
transform = Transform3D(0.818661, 0.331896, 0.468656, 0.453097, 0.128108, -0.882208, -0.35284, 0.934577, -0.0455041, -0.513433, 0.827367, -0.554182)

[node name="Upper_Hand_R_001" parent="Armature/Skeleton3D" index="5"]
transform = Transform3D(0.897744, 0.321406, -0.301252, -0.382425, 0.229203, -0.895107, -0.218646, 0.918784, 0.328679, -0.227988, 0.745761, -0.67509)

[node name="Chest_2" parent="Armature/Skeleton3D" index="6"]
transform = Transform3D(1, -7.52176e-15, 1.4655e-14, 7.52176e-15, 1, 2.84217e-14, -4.30767e-14, 0, 1, -5.96046e-09, 4.17233e-07, 2.99737e-08)

[node name="Torso_2" parent="Armature/Skeleton3D" index="7"]
transform = Transform3D(1, -7.52176e-15, 2.22045e-15, 7.52176e-15, 1, 1.77636e-14, -3.06422e-14, -1.77636e-14, 1, 2.38419e-08, 1.19209e-07, 2.99737e-08)

[node name="Lower_Leg_L" parent="Armature/Skeleton3D" index="8"]
transform = Transform3D(0.998627, -0.0110087, -0.051199, 0.00841346, 0.998682, -0.0506315, 0.0516888, 0.0501312, 0.997404, -0.00352005, -0.00291672, -0.0245573)

[node name="Upper_Leg_L" parent="Armature/Skeleton3D" index="9"]
transform = Transform3D(0.998628, 0.0109711, -0.051199, -0.0135669, 0.998625, -0.0506315, 0.0505731, 0.0512567, 0.997404, -0.00881201, -0.00283647, -0.0248249)

[node name="Lower_Leg_L_001" parent="Armature/Skeleton3D" index="10"]
transform = Transform3D(0.994058, 0.0777295, 0.0762008, -0.0834747, 0.993657, 0.0753562, -0.06986, -0.0812693, 0.994241, -0.00558306, -0.00221126, 0.0365188)

[node name="Upper_Leg_L_001" parent="Armature/Skeleton3D" index="11"]
transform = Transform3D(0.994079, -0.0774647, 0.0762007, 0.0717268, 0.994574, 0.0753558, -0.0816246, -0.069444, 0.994241, 0.0317822, -0.00268885, 0.0336912)

[node name="Hip_2" parent="Armature/Skeleton3D" index="12"]
transform = Transform3D(1, -3.41394e-15, -5.68434e-14, 3.41394e-15, 1, 0, 2.84217e-14, 0, 1, -1.63913e-08, 1.19209e-07, 2.99737e-08)

[node name="Feet_L_2" parent="Armature/Skeleton3D" index="13"]
transform = Transform3D(0.999999, 1.37836e-07, -1.23987e-11, -1.49012e-08, 1, -3.03551e-10, 1.2407e-11, 3.03643e-10, 1, -1.73068e-07, 0.000485586, -0.0243071)

[node name="Palm_R" parent="Armature/Skeleton3D" index="14"]
transform = Transform3D(0.847177, -0.0358145, -0.530102, 0.531311, 0.0571062, 0.84525, -6.44853e-08, -0.997725, 0.0674077, -0.230097, 0.868864, 0.669288)

[node name="Feet_L_001" parent="Armature/Skeleton3D" index="15"]
transform = Transform3D(1, 3.35274e-08, 6.66672e-08, 2.60777e-08, 1, -9.48012e-08, -7.03395e-08, -7.16054e-08, 1, -3.05357e-07, 0.00326944, 0.036081)

[node name="Palm_R_001" parent="Armature/Skeleton3D" index="16"]
transform = Transform3D(0.879797, 0.00369986, 0.475334, 0.475349, -0.00684764, -0.87977, -1.31966e-07, 0.999969, -0.00778332, -0.246249, 0.937386, -0.628755)
