[gd_scene load_steps=23 format=3 uid="uid://b4grix04m32rx"]

[ext_resource type="PackedScene" uid="uid://bag3fvwrkumnn" path="res://Scenes/character_2_graphics.tscn" id="1_2tthm"]
[ext_resource type="Script" path="res://Scenes/player.gd" id="1_ictew"]
[ext_resource type="Material" uid="uid://rs8en1m5jirs" path="res://Materials/hologram.tres" id="2_4gyb5"]
[ext_resource type="Script" path="res://Scenes/camera_spring_arm.gd" id="3_ppiyc"]
[ext_resource type="Script" path="res://Scenes/camera_3d.gd" id="4_ojq3y"]

[sub_resource type="CapsuleShape3D" id="CapsuleShape3D_m0bfn"]
radius = 0.123033
height = 1.19574

[sub_resource type="AnimationNodeTransition" id="AnimationNodeTransition_42161"]
input_0/name = "state_0"
input_0/auto_advance = false
input_0/break_loop_at_end = false
input_0/reset = true
input_1/name = "ability"
input_1/auto_advance = true
input_1/break_loop_at_end = false
input_1/reset = true

[sub_resource type="AnimationNodeAnimation" id="AnimationNodeAnimation_2634c"]
animation = &"PowerUp"

[sub_resource type="AnimationNodeBlend2" id="AnimationNodeBlend2_rvq1e"]

[sub_resource type="AnimationNodeAnimation" id="AnimationNodeAnimation_pfnuj"]
animation = &"Jump"

[sub_resource type="AnimationNodeBlend2" id="AnimationNodeBlend2_h1784"]

[sub_resource type="AnimationNodeTransition" id="AnimationNodeTransition_cipde"]
xfade_time = 0.1
input_0/name = "state_0"
input_0/auto_advance = false
input_0/break_loop_at_end = false
input_0/reset = true
input_1/name = "Jump"
input_1/auto_advance = true
input_1/break_loop_at_end = false
input_1/reset = true

[sub_resource type="AnimationNodeAnimation" id="AnimationNodeAnimation_rps6m"]
animation = &"Land"

[sub_resource type="AnimationNodeBlend2" id="AnimationNodeBlend2_e2db0"]

[sub_resource type="AnimationNodeAnimation" id="AnimationNodeAnimation_hq5qg"]
animation = &"MidairDown"

[sub_resource type="AnimationNodeAnimation" id="AnimationNodeAnimation_lqtrq"]
animation = &"MidairUp"

[sub_resource type="AnimationNodeAnimation" id="AnimationNodeAnimation_4eu3h"]
animation = &"Idle"

[sub_resource type="AnimationNodeAnimation" id="AnimationNodeAnimation_ln528"]
animation = &"Run"

[sub_resource type="AnimationNodeAnimation" id="AnimationNodeAnimation_d2dm2"]
animation = &"Idle"

[sub_resource type="AnimationNodeBlendSpace1D" id="AnimationNodeBlendSpace1D_llnim"]
blend_point_0/node = SubResource("AnimationNodeAnimation_4eu3h")
blend_point_0/pos = 0.0
blend_point_1/node = SubResource("AnimationNodeAnimation_ln528")
blend_point_1/pos = 1.0
blend_point_2/node = SubResource("AnimationNodeAnimation_d2dm2")
blend_point_2/pos = 0.0
min_space = 0.0

[sub_resource type="AnimationNodeBlendTree" id="AnimationNodeBlendTree_pcpmd"]
graph_offset = Vector2(-495.35, 24.3733)
nodes/AbilityTransition/node = SubResource("AnimationNodeTransition_42161")
nodes/AbilityTransition/position = Vector2(80, 200)
nodes/Animation/node = SubResource("AnimationNodeAnimation_2634c")
nodes/Animation/position = Vector2(-140, 400)
nodes/GroundControl/node = SubResource("AnimationNodeBlend2_rvq1e")
nodes/GroundControl/position = Vector2(-660, 80)
nodes/Jump/node = SubResource("AnimationNodeAnimation_pfnuj")
nodes/Jump/position = Vector2(-620, 320)
nodes/JumpLand/node = SubResource("AnimationNodeBlend2_h1784")
nodes/JumpLand/position = Vector2(-480, 380)
nodes/JumpTransition/node = SubResource("AnimationNodeTransition_cipde")
nodes/JumpTransition/position = Vector2(-240, 160)
nodes/Land/node = SubResource("AnimationNodeAnimation_rps6m")
nodes/Land/position = Vector2(-620, 460)
nodes/MidAirControl/node = SubResource("AnimationNodeBlend2_e2db0")
nodes/MidAirControl/position = Vector2(-960, 400)
nodes/MidAirDown/node = SubResource("AnimationNodeAnimation_hq5qg")
nodes/MidAirDown/position = Vector2(-1140, 320)
nodes/MidAirUp/node = SubResource("AnimationNodeAnimation_lqtrq")
nodes/MidAirUp/position = Vector2(-1140, 480)
nodes/Movement/node = SubResource("AnimationNodeBlendSpace1D_llnim")
nodes/Movement/position = Vector2(-940, 60)
node_connections = [&"AbilityTransition", 0, &"JumpTransition", &"AbilityTransition", 1, &"Animation", &"GroundControl", 0, &"Movement", &"GroundControl", 1, &"MidAirControl", &"JumpLand", 0, &"Jump", &"JumpLand", 1, &"Land", &"JumpTransition", 0, &"GroundControl", &"JumpTransition", 1, &"JumpLand", &"MidAirControl", 0, &"MidAirDown", &"MidAirControl", 1, &"MidAirUp", &"output", 0, &"AbilityTransition"]

[sub_resource type="BoxMesh" id="BoxMesh_nq5mg"]
size = Vector3(0.2, 1, 0.2)

[node name="Player" type="CharacterBody3D" groups=["player"]]
script = ExtResource("1_ictew")
hologram_material = ExtResource("2_4gyb5")
jumpDistance = 10.0

[node name="CollisionShape3D" type="CollisionShape3D" parent="."]
transform = Transform3D(1, 0, 0, 0, 1, 0, 0, 0, 1, 0, 0.60105, 0)
shape = SubResource("CapsuleShape3D_m0bfn")

[node name="Graphics" type="Node3D" parent="."]
transform = Transform3D(1, 0, 0, 0, 1, 0, 0, 0, 1, 0, 0.0364197, 0)

[node name="Character_Model" parent="Graphics" instance=ExtResource("1_2tthm")]
transform = Transform3D(-4.37114e-08, 0, 1, 0, 1, 0, -1, 0, -4.37114e-08, 0, 0, 0)

[node name="Skeleton3D" parent="Graphics/Character_Model/Armature" index="0"]
bones/0/position = Vector3(-0.000308244, 0.503822, 5.1825e-10)
bones/0/rotation = Quaternion(0.000281205, 0.000206061, 0.000309581, 1)
bones/1/scale = Vector3(1.0006, 1.0006, 1.0006)
bones/2/scale = Vector3(0.999406, 0.999406, 0.999406)
bones/3/rotation = Quaternion(-8.32667e-16, 1.38775e-16, -7.45058e-09, 1)
bones/3/scale = Vector3(1, 1, 1)
bones/7/rotation = Quaternion(-0.957244, 0.183257, -0.152355, 0.163978)
bones/7/scale = Vector3(1, 1, 1)
bones/8/rotation = Quaternion(-0.0560783, -7.54895e-07, -0.469188, 0.881316)
bones/11/rotation = Quaternion(0.960487, -0.188982, -0.138246, 0.150463)
bones/11/scale = Vector3(1, 1, 1)
bones/12/rotation = Quaternion(0.355953, 0.630441, -0.279967, 0.630445)
bones/17/rotation = Quaternion(0.9993, 0.000144822, 0.0268248, -0.0260784)
bones/18/rotation = Quaternion(-1.39746e-08, 4.05006e-08, 0.0016178, 0.999999)
bones/21/rotation = Quaternion(0.997373, 0.0471209, -0.0406143, 0.0371107)
bones/22/rotation = Quaternion(-1.7142e-07, -1.09543e-07, 0.097565, 0.995229)
bones/26/position = Vector3(0.237402, 0.242308, -0.0690794)
bones/26/rotation = Quaternion(0.707107, 0.707107, -1.84042e-07, 1.84042e-07)
bones/27/position = Vector3(2.49496e-11, 0.00308261, -0.0943853)
bones/27/rotation = Quaternion(0.707107, -0.707107, 1.54543e-08, 1.54543e-08)
bones/28/position = Vector3(-0.000114431, 1.81991e-06, -1.15482e-05)
bones/28/rotation = Quaternion(-5.55717e-08, -2.4213e-10, 0.999792, -0.0203953)
bones/30/position = Vector3(-0.16066, 0.660611, -0.219004)
bones/30/rotation = Quaternion(-0.499448, 0.499448, 0.500552, 0.500552)
bones/31/position = Vector3(0.0351199, 0.450102, -0.192992)
bones/31/rotation = Quaternion(0.876652, -0.480015, -0.0279432, -0.0168939)
bones/32/position = Vector3(6.16415e-06, 2.58521e-06, 4.71127e-07)
bones/34/position = Vector3(0.236031, 0.242308, 0.0716117)
bones/35/position = Vector3(-0.00137055, 0.00613203, 0.10859)
bones/36/position = Vector3(-2.31746e-06, 2.9317e-07, -2.19733e-05)
bones/36/rotation = Quaternion(0.706955, -0.0144216, 0.706965, -0.0144218)
bones/38/position = Vector3(-0.161311, 0.659435, 0.211597)
bones/38/rotation = Quaternion(-0.500552, 0.500552, 0.499448, 0.499447)
bones/39/position = Vector3(0.0213939, 0.443978, 0.193122)
bones/39/rotation = Quaternion(0.605248, -0.357743, -0.612493, -0.361313)
bones/40/position = Vector3(-3.7449e-06, 1.7157e-05, -2.54322e-05)
bones/40/rotation = Quaternion(3.56473e-08, -0.707107, 0.707107, -5.86534e-08)

[node name="Head_2" parent="Graphics/Character_Model/Armature/Skeleton3D" index="0"]
transform = Transform3D(1, -0.000619031, 0.000412058, 0.000619262, 1, -0.000562342, -0.00041171, 0.000562597, 1, 2.99671e-06, 0.00104684, -0.000282829)

[node name="Neck_2" parent="Graphics/Character_Model/Armature/Skeleton3D" index="1"]
transform = Transform3D(1, -0.000619031, 0.000412058, 0.000619262, 1, -0.000562342, -0.00041171, 0.000562597, 1, 2.99676e-06, 0.00104672, -0.000282829)

[node name="Lower_Hand_R" parent="Graphics/Character_Model/Armature/Skeleton3D" index="2"]
transform = Transform3D(0.76915, 0.364847, -0.524686, 0.508261, 0.148467, 0.84831, 0.387402, -0.919155, -0.0712442, -0.558027, 0.799743, 0.525834)

[node name="Upper_Hand_R" parent="Graphics/Character_Model/Armature/Skeleton3D" index="3"]
transform = Transform3D(0.889795, 0.349266, 0.293732, -0.392537, 0.257459, 0.882967, 0.232767, -0.90096, 0.366185, -0.253055, 0.72036, 0.666511)

[node name="Lower_Hand_R_001" parent="Graphics/Character_Model/Armature/Skeleton3D" index="4"]
transform = Transform3D(0.808549, 0.33189, 0.485899, 0.470901, 0.130203, -0.872526, -0.352848, 0.93429, -0.051012, -0.523084, 0.824997, -0.549813)

[node name="Upper_Hand_R_001" parent="Graphics/Character_Model/Armature/Skeleton3D" index="5"]
transform = Transform3D(0.893679, 0.320633, -0.313898, -0.396111, 0.235105, -0.887594, -0.210793, 0.917562, 0.337115, -0.22625, 0.740921, -0.674933)

[node name="Chest_2" parent="Graphics/Character_Model/Armature/Skeleton3D" index="6"]
transform = Transform3D(1, -0.000619046, 0.000412058, 0.000619277, 1, -0.000562342, -0.00041171, 0.000562597, 1, 2.99074e-06, 0.00104654, -0.00028283)

[node name="Torso_2" parent="Graphics/Character_Model/Armature/Skeleton3D" index="7"]
transform = Transform3D(1.00059, -0.000619414, 0.000412303, 0.000619646, 1.00059, -0.000562677, -0.000411955, 0.000562932, 1.00059, 3.30794e-06, 0.000582337, -0.000283091)

[node name="Lower_Leg_L" parent="Graphics/Character_Model/Armature/Skeleton3D" index="8"]
transform = Transform3D(0.998517, -0.01168, -0.053161, 0.00887366, 0.99857, -0.052722, 0.0537007, 0.0521721, 0.997193, -0.0036553, -0.00202304, -0.0255762)

[node name="Upper_Leg_L" parent="Graphics/Character_Model/Armature/Skeleton3D" index="9"]
transform = Transform3D(0.998533, 0.0102976, -0.053161, -0.0131043, 0.998523, -0.052722, 0.0525396, 0.0533413, 0.997193, -0.00894676, -0.00194523, -0.0258542)

[node name="Lower_Leg_L_001" parent="Graphics/Character_Model/Armature/Skeleton3D" index="10"]
transform = Transform3D(0.993389, 0.0843319, 0.0778793, -0.090354, 0.992902, 0.0773434, -0.0708039, -0.0838689, 0.993958, -0.00571596, -0.00106019, 0.0374405)

[node name="Upper_Leg_L_001" parent="Graphics/Character_Model/Armature/Skeleton3D" index="11"]
transform = Transform3D(0.99332, -0.0851426, 0.0778792, 0.0791249, 0.99386, 0.0773431, -0.0839862, -0.0706643, 0.993958, 0.0350877, -0.00157124, 0.0342831)

[node name="Hip_2" parent="Graphics/Character_Model/Armature/Skeleton3D" index="12"]
transform = Transform3D(1, -0.000619045, 0.000412058, 0.000619277, 1, -0.000562342, -0.00041171, 0.000562597, 1, 3.04138e-06, 0.000947952, -0.000282885)

[node name="Feet_L_2" parent="Graphics/Character_Model/Armature/Skeleton3D" index="13"]
transform = Transform3D(0.999999, 1.37836e-07, -1.23987e-11, -1.49012e-08, 1, -3.03551e-10, 1.2407e-11, 3.03643e-10, 1, -1.79029e-06, 0.00167884, -0.0252944)

[node name="Palm_R" parent="Graphics/Character_Model/Armature/Skeleton3D" index="14"]
transform = Transform3D(0.842557, -0.0327743, -0.537609, 0.5386, 0.0564465, 0.840669, 0.00279377, -0.997868, 0.0652116, -0.237111, 0.8715, 0.666786)

[node name="Feet_L_001" parent="Graphics/Character_Model/Armature/Skeleton3D" index="15"]
transform = Transform3D(1, 3.35274e-08, 6.66672e-08, 2.60777e-08, 1, -9.48012e-08, -7.03395e-08, -7.16054e-08, 1, -3.05357e-07, 0.00459188, 0.0369804)

[node name="Palm_R_001" parent="Graphics/Character_Model/Armature/Skeleton3D" index="16"]
transform = Transform3D(0.87565, 0.00625571, 0.482905, 0.482945, -0.00955688, -0.875598, -0.000862551, 0.999935, -0.0113898, -0.252619, 0.942145, -0.625688)

[node name="AnimationTree" type="AnimationTree" parent="Graphics/Character_Model"]
tree_root = SubResource("AnimationNodeBlendTree_pcpmd")
anim_player = NodePath("../AnimationPlayer")
parameters/AbilityTransition/current_state = "state_0"
parameters/AbilityTransition/transition_request = ""
parameters/AbilityTransition/current_index = 0
parameters/GroundControl/blend_amount = 0.0
parameters/JumpLand/blend_amount = 0
parameters/JumpTransition/current_state = "state_0"
parameters/JumpTransition/transition_request = ""
parameters/JumpTransition/current_index = 0
parameters/MidAirControl/blend_amount = 0.0
parameters/Movement/blend_position = 0.0

[node name="LaserGenPos" type="Node3D" parent="Graphics"]
transform = Transform3D(1, 0, 0, 0, 1, 0, 0, 0, 1, 0, -0.0364197, -0.286672)

[node name="SpringArmPivot" type="Node3D" parent="."]
transform = Transform3D(1, 0, 0, 0, 1, 0, 0, 0, 1, 0, 0.994004, 0)
script = ExtResource("3_ppiyc")
mouse_sensitivity = 0.001
min_vertical_angle = -1.0472
max_vertical_angle = 0.174533

[node name="SpringArm3D" type="SpringArm3D" parent="SpringArmPivot"]
spring_length = 2.0

[node name="CamTargetPos" type="Node3D" parent="SpringArmPivot/SpringArm3D"]

[node name="Camera3D" type="Camera3D" parent="SpringArmPivot"]
transform = Transform3D(1, 0, 0, 0, 1, 0, 0, 0, 1, 0, 0.92951, 3.95181)
current = true
script = ExtResource("4_ojq3y")

[node name="MeshInstance3D" type="MeshInstance3D" parent="."]
transform = Transform3D(1, 0, 0, 0, 1, 0, 0, 0, 1, 0, 0.526972, 0)
transparency = 1.0
mesh = SubResource("BoxMesh_nq5mg")

[connection signal="animation_finished" from="Graphics/Character_Model/AnimationPlayer" to="." method="_on_animation_player_animation_finished"]

[editable path="Graphics/Character_Model"]
