[gd_scene load_steps=38 format=3 uid="uid://b4grix04m32rx"]

[ext_resource type="PackedScene" uid="uid://bag3fvwrkumnn" path="res://Scenes/character_2_graphics.tscn" id="1_2tthm"]
[ext_resource type="Script" uid="uid://qvwm1pxv6a8o" path="res://Scenes/player.gd" id="1_ictew"]
[ext_resource type="Material" uid="uid://rs8en1m5jirs" path="res://Materials/hologram.tres" id="2_4gyb5"]
[ext_resource type="Script" uid="uid://do1eyj6luxycb" path="res://Scenes/camera_spring_arm.gd" id="3_ppiyc"]
[ext_resource type="Material" uid="uid://domas6finb1pf" path="res://Materials/hand_wings.tres" id="3_spofh"]
[ext_resource type="Script" uid="uid://b2ofqbcpt5miw" path="res://Scenes/camera_3d.gd" id="4_ojq3y"]
[ext_resource type="Script" uid="uid://b06c705i2dxuc" path="res://Scenes/player_laser.gd" id="5_1e7my"]
[ext_resource type="Texture2D" uid="uid://cl1lqc7yqhynv" path="res://Assets/pixellab-A-glass-cube-deflecting-laser--1761722282918.png" id="6_2fsu0"]
[ext_resource type="Texture2D" uid="uid://cyxer020aog77" path="res://Assets/pixellab-A-tiny-box-type-robot-that-is--1761722369110.png" id="7_dyr1k"]
[ext_resource type="Texture2D" uid="uid://bts8cj868yfsb" path="res://Assets/pixellab-wings-made-like-the-flaps-of-a-1761722443125.png" id="8_1pdr1"]
[ext_resource type="AudioStream" uid="uid://b1q1a0punf31v" path="res://Assets/Sound/glide_spawn.wav" id="10_2cgm5"]
[ext_resource type="AudioStream" uid="uid://cr7w8rt1fkdum" path="res://Assets/Sound/jump.wav" id="11_0qfwc"]
[ext_resource type="AudioStream" uid="uid://bkm2viva53guq" path="res://Assets/Sound/land.wav" id="12_5icfv"]
[ext_resource type="AudioStream" uid="uid://80c8j4ddopl8" path="res://Assets/Sound/powerUp.wav" id="13_nm54s"]
[ext_resource type="AudioStream" uid="uid://bnkghmcnq355h" path="res://Assets/Sound/laserShoot.wav" id="14_hg36m"]

[sub_resource type="CapsuleShape3D" id="CapsuleShape3D_m0bfn"]
radius = 0.123033
height = 1.19574

[sub_resource type="AnimationNodeTransition" id="AnimationNodeTransition_42161"]
input_0/name = "state_0"
input_0/auto_advance = false
input_0/break_loop_at_end = false
input_0/reset = true
input_1/name = "ability"
input_1/auto_advance = true
input_1/break_loop_at_end = false
input_1/reset = true

[sub_resource type="AnimationNodeAnimation" id="AnimationNodeAnimation_8xb1j"]
animation = &"Glide"

[sub_resource type="AnimationNodeAnimation" id="AnimationNodeAnimation_2634c"]
animation = &"PowerUp"

[sub_resource type="AnimationNodeBlend2" id="AnimationNodeBlend2_snuak"]

[sub_resource type="AnimationNodeBlend2" id="AnimationNodeBlend2_rvq1e"]

[sub_resource type="AnimationNodeAnimation" id="AnimationNodeAnimation_pfnuj"]
animation = &"Jump"

[sub_resource type="AnimationNodeBlend2" id="AnimationNodeBlend2_h1784"]

[sub_resource type="AnimationNodeTransition" id="AnimationNodeTransition_cipde"]
xfade_time = 0.1
input_0/name = "state_0"
input_0/auto_advance = false
input_0/break_loop_at_end = false
input_0/reset = true
input_1/name = "Jump"
input_1/auto_advance = true
input_1/break_loop_at_end = false
input_1/reset = true

[sub_resource type="AnimationNodeAnimation" id="AnimationNodeAnimation_rps6m"]
animation = &"Land"

[sub_resource type="AnimationNodeBlend2" id="AnimationNodeBlend2_e2db0"]

[sub_resource type="AnimationNodeAnimation" id="AnimationNodeAnimation_hq5qg"]
animation = &"MidairDown"

[sub_resource type="AnimationNodeAnimation" id="AnimationNodeAnimation_lqtrq"]
animation = &"MidairUp"

[sub_resource type="AnimationNodeAnimation" id="AnimationNodeAnimation_4eu3h"]
animation = &"Idle"

[sub_resource type="AnimationNodeAnimation" id="AnimationNodeAnimation_ln528"]
animation = &"Run"

[sub_resource type="AnimationNodeAnimation" id="AnimationNodeAnimation_d2dm2"]
animation = &"Idle"

[sub_resource type="AnimationNodeBlendSpace1D" id="AnimationNodeBlendSpace1D_llnim"]
blend_point_0/node = SubResource("AnimationNodeAnimation_4eu3h")
blend_point_0/pos = 0.0
blend_point_1/node = SubResource("AnimationNodeAnimation_ln528")
blend_point_1/pos = 1.0
blend_point_2/node = SubResource("AnimationNodeAnimation_d2dm2")
blend_point_2/pos = 0.0
min_space = 0.0

[sub_resource type="AnimationNodeTimeScale" id="AnimationNodeTimeScale_1e7my"]

[sub_resource type="AnimationNodeBlendTree" id="AnimationNodeBlendTree_pcpmd"]
graph_offset = Vector2(-1764.194, 24.039642)
nodes/AbilityTransition/node = SubResource("AnimationNodeTransition_42161")
nodes/AbilityTransition/position = Vector2(-140, 240)
nodes/Animation/node = SubResource("AnimationNodeAnimation_2634c")
nodes/Animation/position = Vector2(-360, 440)
"nodes/Animation 2/node" = SubResource("AnimationNodeAnimation_8xb1j")
"nodes/Animation 2/position" = Vector2(-60, 460)
nodes/Gliding/node = SubResource("AnimationNodeBlend2_snuak")
nodes/Gliding/position = Vector2(140, 160)
nodes/GroundControl/node = SubResource("AnimationNodeBlend2_rvq1e")
nodes/GroundControl/position = Vector2(-880, 120)
nodes/Jump/node = SubResource("AnimationNodeAnimation_pfnuj")
nodes/Jump/position = Vector2(-840, 360)
nodes/JumpLand/node = SubResource("AnimationNodeBlend2_h1784")
nodes/JumpLand/position = Vector2(-700, 420)
nodes/JumpTransition/node = SubResource("AnimationNodeTransition_cipde")
nodes/JumpTransition/position = Vector2(-460, 200)
nodes/Land/node = SubResource("AnimationNodeAnimation_rps6m")
nodes/Land/position = Vector2(-840, 500)
nodes/MidAirControl/node = SubResource("AnimationNodeBlend2_e2db0")
nodes/MidAirControl/position = Vector2(-1180, 440)
nodes/MidAirDown/node = SubResource("AnimationNodeAnimation_hq5qg")
nodes/MidAirDown/position = Vector2(-1360, 360)
nodes/MidAirUp/node = SubResource("AnimationNodeAnimation_lqtrq")
nodes/MidAirUp/position = Vector2(-1360, 520)
nodes/Movement/node = SubResource("AnimationNodeBlendSpace1D_llnim")
nodes/Movement/position = Vector2(-1520, 100)
nodes/WalkRun/node = SubResource("AnimationNodeTimeScale_1e7my")
nodes/WalkRun/position = Vector2(-1260, 80)
node_connections = [&"output", 0, &"Gliding", &"AbilityTransition", 0, &"JumpTransition", &"AbilityTransition", 1, &"Animation", &"Gliding", 0, &"AbilityTransition", &"Gliding", 1, &"Animation 2", &"GroundControl", 0, &"WalkRun", &"GroundControl", 1, &"MidAirControl", &"JumpLand", 0, &"Jump", &"JumpLand", 1, &"Land", &"JumpTransition", 0, &"GroundControl", &"JumpTransition", 1, &"JumpLand", &"MidAirControl", 0, &"MidAirDown", &"MidAirControl", 1, &"MidAirUp", &"WalkRun", 0, &"Movement"]

[sub_resource type="StandardMaterial3D" id="StandardMaterial3D_ifqgt"]
albedo_color = Color(0.835294, 0, 0.0156863, 0.494118)
emission_enabled = true
emission = Color(0.877056, 0.000104805, 0.017568, 1)
emission_energy_multiplier = 10.0

[sub_resource type="CylinderMesh" id="CylinderMesh_arntx"]
resource_local_to_scene = true
material = SubResource("StandardMaterial3D_ifqgt")
flip_faces = true
top_radius = 0.03
bottom_radius = 0.03
height = 1.0

[sub_resource type="BoxMesh" id="BoxMesh_nq5mg"]
size = Vector3(0.2, 1, 0.2)

[node name="Player" type="CharacterBody3D" groups=["player"]]
wall_min_slide_angle = 0.7853982
floor_max_angle = 0.0
script = ExtResource("1_ictew")
hologram_material = ExtResource("2_4gyb5")
glidingMaterial = ExtResource("3_spofh")
jumpDistance = 5.0

[node name="CollisionShape3D" type="CollisionShape3D" parent="."]
transform = Transform3D(1, 0, 0, 0, 1, 0, 0, 0, 1, 0, 0.60105, 0)
shape = SubResource("CapsuleShape3D_m0bfn")

[node name="Wall_detects" type="Node3D" parent="."]
transform = Transform3D(1, 0, 0, 0, 1, 0, 0, 0, 1, 0, 0.40271118, 0)

[node name="WallDetect" type="RayCast3D" parent="Wall_detects"]
target_position = Vector3(0, 0, -0.2)

[node name="WallDetect2" type="RayCast3D" parent="Wall_detects"]
transform = Transform3D(1, 0, 0, 0, 1, 0, 0, 0, 1, 0.12484053, 0, 0)
target_position = Vector3(0, 0, -0.3)

[node name="WallDetect3" type="RayCast3D" parent="Wall_detects"]
transform = Transform3D(1, 0, 0, 0, 1, 0, 0, 0, 1, -0.1392031, 0, 0)
target_position = Vector3(0, 0, -0.3)

[node name="Graphics" type="Node3D" parent="."]
transform = Transform3D(1, 0, 0, 0, 1, 0, 0, 0, 1, 0, 0.0364197, 0)

[node name="Character_Model" parent="Graphics" instance=ExtResource("1_2tthm")]
transform = Transform3D(-4.37114e-08, 0, 1, 0, 1, 0, -1, 0, -4.37114e-08, 0, 0, 0)

[node name="Skeleton3D" parent="Graphics/Character_Model/Armature" index="0"]
bones/0/position = Vector3(-0.0007851501, 0.5051881, -2.4587582e-05)
bones/0/rotation = Quaternion(-2.9802326e-08, 1.19209254e-07, 2.1175821e-22, 1)
bones/1/scale = Vector3(1, 1.0000001, 1.0000001)
bones/3/rotation = Quaternion(1.525e-42, -3.59989e-21, 1.2789379e-35, 1)
bones/7/position = Vector3(2.5128055e-10, 0.044236913, -0.1210232)
bones/7/rotation = Quaternion(-0.9708627, 0.06414369, 0.025129061, 0.22952075)
bones/7/scale = Vector3(0.9999999, 1.0000001, 1.0000002)
bones/8/rotation = Quaternion(-0.08036516, -6.349874e-07, -0.6723881, 0.7358232)
bones/8/scale = Vector3(0.9999998, 0.99999994, 0.99999994)
bones/9/rotation = Quaternion(0.7071, 0.00299754, 0.00406013, 0.707096)
bones/11/position = Vector3(-0.0013705497, 0.04423682, 0.12355554)
bones/11/rotation = Quaternion(0.90528584, -0.3255331, -0.05856094, 0.26656407)
bones/11/scale = Vector3(0.9999999, 1, 0.9999999)
bones/12/rotation = Quaternion(0.61629957, 0.438864, -0.48473626, 0.43886685)
bones/12/scale = Vector3(0.9999999, 1.0000002, 0.9999998)
bones/14/rotation = Quaternion(-0.706318, 0.00352193, -0.00246607, 0.707882)
bones/14/scale = Vector3(1, 1, 1)
bones/17/rotation = Quaternion(0.9936938, 0.08990006, -0.042695094, -0.05165103)
bones/18/rotation = Quaternion(-9.168444e-08, 3.9366522e-08, 0.43539754, 0.9002384)
bones/19/rotation = Quaternion(0.99998, -0.00632189, 5.26132e-08, -2.4271e-08)
bones/20/rotation = Quaternion(0.99998, 0.00630039, -1.28309e-08, -2.33053e-08)
bones/21/rotation = Quaternion(0.89370435, 0.4465376, 0.014154042, 0.041189857)
bones/22/rotation = Quaternion(-7.3841693e-07, -1.0358564e-07, 0.39536777, 0.91852295)
bones/23/rotation = Quaternion(0.99998, -0.00632189, -1.53488e-07, -3.80215e-08)
bones/24/rotation = Quaternion(0.99998, 0.00630039, -1.00813e-07, -3.36846e-08)
bones/26/position = Vector3(0.23619032, 0.10812613, -0.12773149)
bones/26/rotation = Quaternion(0.7071068, 0.7071068, -1.8404174e-07, 1.8404174e-07)
bones/27/position = Vector3(-0.115833424, 0.0708142, -0.097805314)
bones/27/rotation = Quaternion(0.32526943, -0.94562143, 1.6118102e-08, 2.5598756e-09)
bones/28/position = Vector3(3.1781544e-06, -1.2966048e-06, 1.8780847e-07)
bones/28/rotation = Quaternion(-5.557172e-08, -2.4212957e-10, 0.999792, -0.020395285)
bones/29/rotation = Quaternion(0.721381, 0.692538, 2.42209e-08, 2.32524e-08)
bones/30/position = Vector3(-0.25243664, 0.6181713, -0.20542763)
bones/30/rotation = Quaternion(-0.49944755, 0.49944755, 0.50055194, 0.50055194)
bones/31/position = Vector3(0.16137795, 0.5710064, -0.22687644)
bones/31/rotation = Quaternion(0.9741459, -0.1957499, 0.11077057, 0.021251632)
bones/32/position = Vector3(1.3911725e-05, 1.7297455e-06, 7.209927e-06)
bones/33/rotation = Quaternion(0.707107, 0, 0, 0.707107)
bones/34/position = Vector3(0.3459928, 0.29612485, 0.10509599)
bones/35/position = Vector3(0.21565424, 0.10390894, 0.10868416)
bones/35/rotation = Quaternion(0.57328856, -0.41393262, -0.45973927, -0.53725207)
bones/36/position = Vector3(-8.457787e-08, -1.0037336e-05, -2.588074e-05)
bones/36/rotation = Quaternion(0.7069548, -0.014421563, 0.7069647, -0.014421779)
bones/38/position = Vector3(-0.35992593, 0.6908741, 0.28272477)
bones/38/rotation = Quaternion(-0.5005519, 0.50055194, 0.49944755, 0.4994475)
bones/39/position = Vector3(0.036716446, 0.5748568, 0.21545064)
bones/39/rotation = Quaternion(0.637294, -0.2239341, -0.6956694, -0.24444646)
bones/40/position = Vector3(-5.7423063e-06, 2.0213569e-05, -2.7031017e-05)
bones/40/rotation = Quaternion(2.197965e-08, -0.70710665, 0.7071069, -5.4349453e-08)

[node name="Head_2" parent="Graphics/Character_Model/Armature/Skeleton3D" index="0"]
transform = Transform3D(0.99999994, -7.1192755e-15, 5.258294e-13, 7.119273e-15, 0.99999994, 2.842171e-14, -5.5425104e-13, -2.4868996e-14, 1, -0.00078516454, 0.00231421, -2.4557607e-05)

[node name="Neck_2" parent="Graphics/Character_Model/Armature/Skeleton3D" index="1"]
transform = Transform3D(0.99999994, -7.119275e-15, 5.258294e-13, 7.119272e-15, 0.99999994, 2.1316282e-14, -5.5425104e-13, -1.7763568e-14, 1, -0.0007851464, 0.002313912, -2.4557607e-05)

[node name="Lower_Hand_R" parent="Graphics/Character_Model/Armature/Skeleton3D" index="2"]
transform = Transform3D(0.23723556, 0.071497895, -0.9688174, 0.9128717, 0.3246702, 0.2474965, 0.33224156, -0.9431212, 0.011754841, -0.43688846, 0.44033298, 0.5578616)

[node name="Upper_Hand_R" parent="Graphics/Character_Model/Armature/Skeleton3D" index="3"]
transform = Transform3D(0.9915954, -0.021121128, 0.12763904, -0.10482311, 0.4470879, 0.888327, -0.075828284, -0.8942409, 0.4411164, 0.032081194, 0.5658175, 0.66983235)

[node name="Lower_Hand_R_001" parent="Graphics/Character_Model/Armature/Skeleton3D" index="4"]
transform = Transform3D(0.42305028, 0.32281247, 0.8466526, 0.81573737, 0.2710871, -0.5109637, -0.39446214, 0.9068093, -0.1486469, -0.70273274, 0.63738775, -0.45004255)

[node name="Upper_Hand_R_001" parent="Graphics/Character_Model/Armature/Skeleton3D" index="5"]
transform = Transform3D(0.78631467, 0.2771813, -0.5521591, -0.61446166, 0.44399282, -0.65215564, 0.06438926, 0.8520799, 0.5194355, -0.1614512, 0.54059726, -0.6432846)

[node name="Chest_2" parent="Graphics/Character_Model/Armature/Skeleton3D" index="6"]
transform = Transform3D(0.99999994, -7.119275e-15, 5.258294e-13, 7.119272e-15, 0.99999994, 2.1316282e-14, -5.5425104e-13, -1.7763568e-14, 1, -0.0007851523, 0.002313733, -2.4557607e-05)

[node name="Torso_2" parent="Graphics/Character_Model/Armature/Skeleton3D" index="7"]
transform = Transform3D(0.99999994, -7.119276e-15, 5.1285365e-13, 7.119274e-15, 0.99999994, 1.4210855e-14, -5.412753e-13, -1.0658141e-14, 1, -0.0007851521, 0.0023136735, -2.4557607e-05)

[node name="Lower_Leg_L" parent="Graphics/Character_Model/Armature/Skeleton3D" index="8"]
transform = Transform3D(0.75344956, 0.65073127, 0.09413884, -0.6438563, 0.75922906, -0.09497389, -0.13327536, 0.010946165, 0.99101883, -0.11139895, 0.060812443, -0.029364832)

[node name="Upper_Leg_L" parent="Graphics/Character_Model/Armature/Skeleton3D" index="9"]
transform = Transform3D(0.98230803, -0.16189097, 0.09413879, 0.17073257, 0.9807294, -0.094974026, -0.07694923, 0.109366275, 0.9910187, 0.0835596, 0.005018741, -0.053231332)

[node name="Lower_Leg_L_001" parent="Graphics/Character_Model/Armature/Skeleton3D" index="10"]
transform = Transform3D(0.99034095, -0.123977944, -0.06208529, 0.12774935, 0.98992974, 0.060983796, 0.053899456, -0.068326116, 0.99620587, 0.22184166, 0.09669806, 0.037318774)

[node name="Upper_Leg_L_001" parent="Graphics/Character_Model/Armature/Skeleton3D" index="11"]
transform = Transform3D(0.6108025, -0.7893454, -0.06208452, 0.7917147, 0.6078395, 0.06098233, -0.0103986915, -0.0864014, 0.9962061, 0.38266674, 0.18759337, 0.04177707)

[node name="Hip_2" parent="Graphics/Character_Model/Armature/Skeleton3D" index="12"]
transform = Transform3D(1, 7.4505797e-09, -2.842171e-14, -7.450579e-09, 0.99999994, 3.5527137e-15, 0, -3.5527137e-15, 0.99999994, -0.0007851524, 0.002313614, -2.4557608e-05)

[node name="Feet_L_2" parent="Graphics/Character_Model/Armature/Skeleton3D" index="13"]
transform = Transform3D(0.61516297, 0.7883989, -4.0353015e-08, -0.78839964, 0.6151623, 5.0818407e-09, 2.88302e-08, 2.8688135e-08, 0.99999994, -0.117032066, 0.06987726, -0.02872613)

[node name="Palm_R" parent="Graphics/Character_Model/Armature/Skeleton3D" index="14"]
transform = Transform3D(0.38608608, 0.20749341, -0.89882374, 0.9224608, -0.084771045, 0.37666985, 0.0019622743, -0.9745567, -0.22413342, -0.5102005, 0.8506412, 0.45258772)

[node name="Feet_L_001" parent="Graphics/Character_Model/Armature/Skeleton3D" index="15"]
transform = Transform3D(0.96859735, -0.08235419, -0.23459914, 0.08003998, 0.9966031, -0.019386142, 0.23539871, 6.104983e-08, 0.971899, 0.23391865, 0.103868894, 0.03940986)

[node name="Palm_R_001" parent="Graphics/Character_Model/Armature/Skeleton3D" index="16"]
transform = Transform3D(0.625531, 0.06820486, 0.77721214, 0.78019917, -0.0546841, -0.6231362, 2.5155686e-07, 0.9961715, -0.0874199, -0.4533323, 0.9694886, -0.55773616)

[node name="AnimationTree" type="AnimationTree" parent="Graphics/Character_Model"]
tree_root = SubResource("AnimationNodeBlendTree_pcpmd")
anim_player = NodePath("../AnimationPlayer")
parameters/AbilityTransition/current_state = "state_0"
parameters/AbilityTransition/transition_request = ""
parameters/AbilityTransition/current_index = 0
parameters/Gliding/blend_amount = 0.0
parameters/GroundControl/blend_amount = 0.0
parameters/JumpLand/blend_amount = 0.0
parameters/JumpTransition/current_state = "state_0"
parameters/JumpTransition/transition_request = ""
parameters/JumpTransition/current_index = 0
parameters/MidAirControl/blend_amount = 0.0
parameters/Movement/blend_position = 1.0
parameters/WalkRun/scale = 1.0

[node name="LaserGenPos" type="Node3D" parent="Graphics"]
transform = Transform3D(1, 0, 0, 0, 1, 0, 0, 0, 1, 0, 0.688, -0.133)

[node name="PlayerLaser" type="RayCast3D" parent="Graphics/LaserGenPos"]
transform = Transform3D(1, 0, 0, 0, -4.371139e-08, -1, 0, 1, -4.371139e-08, 0, 0, 0)
visible = false
enabled = false
target_position = Vector3(0, -200, 0)
collide_with_areas = true
script = ExtResource("5_1e7my")

[node name="Mesh" type="Node3D" parent="Graphics/LaserGenPos/PlayerLaser"]
transform = Transform3D(0.1, -6.31089e-32, 1.77636e-16, 0, 0.01, 3.55271e-16, -1.77636e-16, -3.55271e-17, 0.1, 0, 0, 0)

[node name="MeshInstance3D" type="MeshInstance3D" parent="Graphics/LaserGenPos/PlayerLaser/Mesh"]
mesh = SubResource("CylinderMesh_arntx")
skeleton = NodePath("../..")

[node name="WallDetect2" type="RayCast3D" parent="Graphics"]
transform = Transform3D(1, 0, 0, 0, 1, 0, 0, 0, 1, 0.1555255, 0.4603852, -0.010721952)
target_position = Vector3(0.2, 0, 0)
collide_with_areas = true

[node name="SpringArmPivot" type="Node3D" parent="."]
transform = Transform3D(1, 0, 0, 0, 1, 0, 0, 0, 1, 0, 0.994004, 0)
script = ExtResource("3_ppiyc")
mouse_sensitivity = 0.001
min_vertical_angle = -1.0472
max_vertical_angle = 0.174533

[node name="SpringArm3D" type="SpringArm3D" parent="SpringArmPivot"]
spring_length = 2.0

[node name="CamTargetPos" type="Node3D" parent="SpringArmPivot/SpringArm3D"]

[node name="Camera3D" type="Camera3D" parent="SpringArmPivot"]
transform = Transform3D(1, 0, 0, 0, 1, 0, 0, 0, 1, 0, 0.92951, 3.95181)
current = true
script = ExtResource("4_ojq3y")

[node name="MeshInstance3D" type="MeshInstance3D" parent="."]
transform = Transform3D(1, 0, 0, 0, 1, 0, 0, 0, 1, 0, 0.526972, 0)
transparency = 1.0
mesh = SubResource("BoxMesh_nq5mg")

[node name="Hotbar" type="ItemList" parent="."]
anchors_preset = 7
anchor_left = 0.5
anchor_top = 1.0
anchor_right = 0.5
anchor_bottom = 1.0
offset_left = -171.0
offset_top = -140.0
offset_right = 286.0
grow_horizontal = 2
grow_vertical = 0
scale = Vector2(0.75, 0.75)
select_mode = 1
auto_height = true
text_overrun_behavior = 0
item_count = 3
max_columns = 4
same_column_width = true
item_0/text = "1"
item_0/icon = ExtResource("6_2fsu0")
item_1/text = "2"
item_1/icon = ExtResource("7_dyr1k")
item_1/disabled = true
item_2/text = "3"
item_2/icon = ExtResource("8_1pdr1")
item_2/disabled = true

[node name="GlideSpawn" type="AudioStreamPlayer3D" parent="."]
transform = Transform3D(1, 0, 0, 0, 1, 0, 0, 0, 1, 0, 0.656382, 0)
stream = ExtResource("10_2cgm5")

[node name="Jump" type="AudioStreamPlayer3D" parent="."]
transform = Transform3D(1, 0, 0, 0, 1, 0, 0, 0, 1, 0, 0.656382, 0)
stream = ExtResource("11_0qfwc")
volume_db = -16.0

[node name="Land" type="AudioStreamPlayer3D" parent="."]
transform = Transform3D(1, 0, 0, 0, 1, 0, 0, 0, 1, 0, 0.656382, 0)
stream = ExtResource("12_5icfv")
volume_db = -16.0

[node name="PowerUp" type="AudioStreamPlayer3D" parent="."]
transform = Transform3D(1, 0, 0, 0, 1, 0, 0, 0, 1, 0, 0.656382, 0)
stream = ExtResource("13_nm54s")

[node name="LaserShoot" type="AudioStreamPlayer3D" parent="."]
transform = Transform3D(1, 0, 0, 0, 1, 0, 0, 0, 1, 0.00361416, 0.730956, -0.12298)
stream = ExtResource("14_hg36m")

[connection signal="animation_finished" from="Graphics/Character_Model/AnimationPlayer" to="." method="_on_animation_player_animation_finished"]

[editable path="Graphics/Character_Model"]
