[gd_scene load_steps=19 format=3 uid="uid://b4grix04m32rx"]

[ext_resource type="PackedScene" uid="uid://bag3fvwrkumnn" path="res://Scenes/character_2_graphics.tscn" id="1_2tthm"]
[ext_resource type="Script" path="res://Scenes/player.gd" id="1_ictew"]
[ext_resource type="Script" path="res://Scenes/camera_spring_arm.gd" id="3_ppiyc"]
[ext_resource type="Script" path="res://Scenes/camera_3d.gd" id="4_ojq3y"]

[sub_resource type="CapsuleShape3D" id="CapsuleShape3D_m0bfn"]
radius = 0.174807
height = 1.19574

[sub_resource type="AnimationNodeBlend2" id="AnimationNodeBlend2_rvq1e"]

[sub_resource type="AnimationNodeAnimation" id="AnimationNodeAnimation_pfnuj"]
animation = &"Jump"

[sub_resource type="AnimationNodeBlend2" id="AnimationNodeBlend2_h1784"]

[sub_resource type="AnimationNodeTransition" id="AnimationNodeTransition_cipde"]
xfade_time = 0.1
input_0/name = "state_0"
input_0/auto_advance = false
input_0/break_loop_at_end = false
input_0/reset = true
input_1/name = "Jump"
input_1/auto_advance = true
input_1/break_loop_at_end = false
input_1/reset = true

[sub_resource type="AnimationNodeAnimation" id="AnimationNodeAnimation_rps6m"]
animation = &"Land"

[sub_resource type="AnimationNodeBlend2" id="AnimationNodeBlend2_e2db0"]

[sub_resource type="AnimationNodeAnimation" id="AnimationNodeAnimation_hq5qg"]
animation = &"MidairDown"

[sub_resource type="AnimationNodeAnimation" id="AnimationNodeAnimation_lqtrq"]
animation = &"MidairUp"

[sub_resource type="AnimationNodeAnimation" id="AnimationNodeAnimation_4eu3h"]
animation = &"Idle"

[sub_resource type="AnimationNodeAnimation" id="AnimationNodeAnimation_ln528"]
animation = &"Run"

[sub_resource type="AnimationNodeAnimation" id="AnimationNodeAnimation_d2dm2"]
animation = &"Idle"

[sub_resource type="AnimationNodeBlendSpace1D" id="AnimationNodeBlendSpace1D_llnim"]
blend_point_0/node = SubResource("AnimationNodeAnimation_4eu3h")
blend_point_0/pos = 0.0
blend_point_1/node = SubResource("AnimationNodeAnimation_ln528")
blend_point_1/pos = 1.0
blend_point_2/node = SubResource("AnimationNodeAnimation_d2dm2")
blend_point_2/pos = 0.0
min_space = 0.0

[sub_resource type="AnimationNodeBlendTree" id="AnimationNodeBlendTree_pcpmd"]
graph_offset = Vector2(-1013.65, -9.38651)
nodes/GroundControl/node = SubResource("AnimationNodeBlend2_rvq1e")
nodes/GroundControl/position = Vector2(-380, 100)
nodes/Jump/node = SubResource("AnimationNodeAnimation_pfnuj")
nodes/Jump/position = Vector2(-340, 340)
nodes/JumpLand/node = SubResource("AnimationNodeBlend2_h1784")
nodes/JumpLand/position = Vector2(-200, 400)
nodes/JumpTransition/node = SubResource("AnimationNodeTransition_cipde")
nodes/JumpTransition/position = Vector2(40, 180)
nodes/Land/node = SubResource("AnimationNodeAnimation_rps6m")
nodes/Land/position = Vector2(-340, 480)
nodes/MidAirControl/node = SubResource("AnimationNodeBlend2_e2db0")
nodes/MidAirControl/position = Vector2(-680, 420)
nodes/MidAirDown/node = SubResource("AnimationNodeAnimation_hq5qg")
nodes/MidAirDown/position = Vector2(-860, 340)
nodes/MidAirUp/node = SubResource("AnimationNodeAnimation_lqtrq")
nodes/MidAirUp/position = Vector2(-860, 500)
nodes/Movement/node = SubResource("AnimationNodeBlendSpace1D_llnim")
nodes/Movement/position = Vector2(-660, 80)
node_connections = [&"GroundControl", 0, &"Movement", &"GroundControl", 1, &"MidAirControl", &"JumpLand", 0, &"Jump", &"JumpLand", 1, &"Land", &"JumpTransition", 0, &"GroundControl", &"JumpTransition", 1, &"JumpLand", &"MidAirControl", 0, &"MidAirDown", &"MidAirControl", 1, &"MidAirUp", &"output", 0, &"JumpTransition"]

[node name="Player" type="CharacterBody3D" groups=["player"]]
script = ExtResource("1_ictew")
jumpDistance = 10.0

[node name="CollisionShape3D" type="CollisionShape3D" parent="."]
transform = Transform3D(1, 0, 0, 0, 1, 0, 0, 0, 1, 0, 0.60105, 0)
shape = SubResource("CapsuleShape3D_m0bfn")

[node name="Graphics" type="Node3D" parent="."]
transform = Transform3D(1, 0, 0, 0, 1, 0, 0, 0, 1, 0, 0.0364197, 0)

[node name="Character_Model" parent="Graphics" instance=ExtResource("1_2tthm")]
transform = Transform3D(-4.37114e-08, 0, 1, 0, 1, 0, -1, 0, -4.37114e-08, 0, 0, 0)

[node name="Skeleton3D" parent="Graphics/Character_Model/Armature" index="0"]
bones/0/position = Vector3(0, 0.502533, 0)
bones/0/rotation = Quaternion(-2.98023e-08, 1.19209e-07, 2.11758e-22, 1)
bones/1/scale = Vector3(1.00046, 1.00046, 1.00046)
bones/2/scale = Vector3(0.999483, 0.999483, 0.999483)
bones/3/rotation = Quaternion(0, -3.59989e-21, 1.27894e-35, 1)
bones/3/scale = Vector3(1.00056, 1.00056, 1.00056)
bones/7/rotation = Quaternion(-0.958816, 0.176483, -0.154944, 0.159746)
bones/7/scale = Vector3(1.00056, 1.00056, 1.00056)
bones/8/rotation = Quaternion(-0.0543891, -7.59901e-07, -0.455055, 0.888801)
bones/9/rotation = Quaternion(0.7071, 0.00299752, 0.00406013, 0.707096)
bones/10/rotation = Quaternion(0.706317, -0.00352494, -0.00246888, 0.707883)
bones/11/rotation = Quaternion(0.9622, -0.181386, -0.140984, 0.146265)
bones/11/scale = Vector3(1.00056, 1.00056, 1.00056)
bones/12/rotation = Quaternion(0.342613, 0.636394, -0.269474, 0.636398)
bones/14/rotation = Quaternion(-0.706318, 0.00352193, -0.00246606, 0.707882)
bones/17/rotation = Quaternion(0.999351, 0.000669915, 0.0256307, -0.0253175)
bones/18/rotation = Quaternion(-1.56766e-08, 3.9632e-08, 0.0026447, 0.999997)
bones/19/rotation = Quaternion(0.99998, -0.00632185, 5.21551e-08, -2.32835e-08)
bones/20/rotation = Quaternion(0.99998, 0.00630039, -8.38207e-09, -2.56119e-08)
bones/21/rotation = Quaternion(0.997581, 0.0441893, -0.0397842, 0.0360107)
bones/22/rotation = Quaternion(-1.5946e-07, -1.08155e-07, 0.0914515, 0.99581)
bones/23/rotation = Quaternion(0.99998, -0.0063219, -1.56465e-07, -3.35283e-08)
bones/24/rotation = Quaternion(0.99998, 0.00630037, -1.00585e-07, -3.09671e-08)
bones/28/position = Vector3(-7.25614e-05, -2.75066e-08, -3.68946e-06)
bones/30/position = Vector3(-0.159912, 0.659313, -0.218393)
bones/31/position = Vector3(0.0353387, 0.444961, -0.191594)
bones/31/rotation = Quaternion(0.87452, -0.483816, -0.0295082, -0.016325)
bones/32/position = Vector3(6.29872e-06, 2.64382e-06, 4.76371e-07)
bones/33/rotation = Quaternion(0.707107, -2.17114e-09, 2.25346e-09, 0.707107)
bones/36/position = Vector3(-1.35929e-07, 4.87682e-08, -1.80309e-06)
bones/37/rotation = Quaternion(0.721381, 0.692538, 4.83473e-06, 5.0014e-06)
bones/38/position = Vector3(-0.161282, 0.657794, 0.211051)
bones/39/position = Vector3(0.0210237, 0.438774, 0.1921)
bones/39/rotation = Quaternion(0.604952, -0.360752, -0.609679, -0.363571)
bones/40/position = Vector3(-1.93051e-06, 4.48129e-06, -1.14464e-05)
bones/40/rotation = Quaternion(2.23464e-08, -0.707107, 0.707107, -5.32551e-08)

[node name="Head_2" parent="Graphics/Character_Model/Armature/Skeleton3D" index="0"]
transform = Transform3D(1.0005, -7.52556e-15, 2.84361e-14, 7.52555e-15, 1.0005, 3.55271e-14, -5.68589e-14, -3.55271e-14, 1.0005, 1.34178e-08, -0.000715673, 2.9996e-08)

[node name="Neck_2" parent="Graphics/Character_Model/Armature/Skeleton3D" index="1"]
transform = Transform3D(1.0005, -7.52556e-15, 2.8436e-14, 7.52555e-15, 1.0005, 2.84217e-14, -5.68589e-14, -2.84217e-14, 1.0005, 1.34178e-08, -0.000715852, 2.9996e-08)

[node name="Lower_Hand_R" parent="Graphics/Character_Model/Armature/Skeleton3D" index="2"]
transform = Transform3D(0.778515, 0.366541, -0.510462, 0.494354, 0.144555, 0.857746, 0.387993, -0.919653, -0.0686276, -0.551087, 0.803023, 0.529111)

[node name="Upper_Hand_R" parent="Graphics/Character_Model/Armature/Skeleton3D" index="3"]
transform = Transform3D(0.893089, 0.351725, 0.282296, -0.380218, 0.250375, 0.89093, 0.24256, -0.902558, 0.357159, -0.255909, 0.725784, 0.666562)

[node name="Lower_Hand_R_001" parent="Graphics/Character_Model/Armature/Skeleton3D" index="4"]
transform = Transform3D(0.819289, 0.33296, 0.467881, 0.452341, 0.12802, -0.883181, -0.353784, 0.93475, -0.0457033, -0.513994, 0.827394, -0.554209)

[node name="Upper_Hand_R_001" parent="Graphics/Character_Model/Armature/Skeleton3D" index="5"]
transform = Transform3D(0.897958, 0.322522, -0.301097, -0.382586, 0.229043, -0.895643, -0.219789, 0.918982, 0.328898, -0.228927, 0.745692, -0.675289)

[node name="Chest_2" parent="Graphics/Character_Model/Armature/Skeleton3D" index="6"]
transform = Transform3D(0.999946, -7.52136e-15, 2.88643e-14, 7.52136e-15, 0.999946, 1.42109e-14, -5.72713e-14, -1.42109e-14, 0.999946, -5.96014e-09, -0.000222087, 2.99666e-08)

[node name="Torso_2" parent="Graphics/Character_Model/Armature/Skeleton3D" index="7"]
transform = Transform3D(1.00046, -7.52525e-15, 1.64389e-14, 7.52525e-15, 1.00046, 2.13163e-14, -4.48606e-14, -2.13163e-14, 1.00046, 2.38529e-08, -0.000626206, 2.99907e-08)

[node name="Lower_Leg_L" parent="Graphics/Character_Model/Armature/Skeleton3D" index="8"]
transform = Transform3D(0.998638, -0.00998134, -0.051194, 0.00738603, 0.99869, -0.0506364, 0.0516323, 0.0501894, 0.997404, -0.00352128, -0.0032571, -0.0245597)

[node name="Upper_Leg_L" parent="Graphics/Character_Model/Armature/Skeleton3D" index="9"]
transform = Transform3D(0.998639, 0.00994741, -0.051194, -0.0125432, 0.998638, -0.0506365, 0.0506206, 0.0512097, 0.997404, -0.00831944, -0.00318429, -0.0248023)

[node name="Lower_Leg_L_001" parent="Graphics/Character_Model/Armature/Skeleton3D" index="10"]
transform = Transform3D(0.993976, 0.0787799, 0.0761935, -0.0845245, 0.993568, 0.0753636, -0.0697662, -0.0813498, 0.994241, -0.00558425, -0.00250822, 0.0365191)

[node name="Upper_Leg_L_001" parent="Graphics/Character_Model/Armature/Skeleton3D" index="11"]
transform = Transform3D(0.993997, -0.0785116, 0.0761934, 0.0727741, 0.994497, 0.0753632, -0.0816909, -0.0693659, 0.994241, 0.032286, -0.00299239, 0.0336536)

[node name="Hip_2" parent="Graphics/Character_Model/Armature/Skeleton3D" index="12"]
transform = Transform3D(1, -3.41394e-15, -5.68434e-14, 3.41394e-15, 1, 0, 2.84217e-14, 0, 1, -1.63913e-08, -0.000341117, 2.99737e-08)

[node name="Feet_L_2" parent="Graphics/Character_Model/Armature/Skeleton3D" index="13"]
transform = Transform3D(0.999999, 1.37836e-07, -1.23987e-11, -1.49012e-08, 1, -3.03551e-10, 1.2407e-11, 3.03643e-10, 1, 5.7097e-08, 0.000578927, -0.024302)

[node name="Palm_R" parent="Graphics/Character_Model/Armature/Skeleton3D" index="14"]
transform = Transform3D(0.847177, -0.0358145, -0.530102, 0.531311, 0.0571062, 0.84525, -6.95809e-08, -0.997725, 0.0674077, -0.230204, 0.868365, 0.66929)

[node name="Feet_L_001" parent="Graphics/Character_Model/Armature/Skeleton3D" index="15"]
transform = Transform3D(1, 5.1409e-07, 6.66783e-08, -4.54485e-07, 1, -9.47966e-08, -7.03502e-08, -7.161e-08, 1, -6.10016e-08, 0.00328961, 0.0360788)

[node name="Palm_R_001" parent="Graphics/Character_Model/Armature/Skeleton3D" index="16"]
transform = Transform3D(0.879797, 0.00369984, 0.475334, 0.475349, -0.00684766, -0.879771, -1.08305e-07, 0.999969, -0.00778334, -0.246637, 0.937046, -0.628756)

[node name="AnimationTree" type="AnimationTree" parent="Graphics/Character_Model"]
tree_root = SubResource("AnimationNodeBlendTree_pcpmd")
anim_player = NodePath("../AnimationPlayer")
parameters/GroundControl/blend_amount = 0.0
parameters/JumpLand/blend_amount = 0
parameters/JumpTransition/current_state = "state_0"
parameters/JumpTransition/transition_request = ""
parameters/JumpTransition/current_index = 0
parameters/MidAirControl/blend_amount = 0.0
parameters/Movement/blend_position = 0.0

[node name="LaserGenPos" type="Node3D" parent="Graphics"]
transform = Transform3D(1, 0, 0, 0, 1, 0, 0, 0, 1, 0, -0.0364197, -0.286672)

[node name="SpringArmPivot" type="Node3D" parent="."]
transform = Transform3D(1, 0, 0, 0, 1, 0, 0, 0, 1, 0, 0.994004, 0)
script = ExtResource("3_ppiyc")
mouse_sensitivity = 0.001
min_vertical_angle = -1.0472
max_vertical_angle = 0.174533

[node name="SpringArm3D" type="SpringArm3D" parent="SpringArmPivot"]
spring_length = 2.0

[node name="CamTargetPos" type="Node3D" parent="SpringArmPivot/SpringArm3D"]

[node name="Camera3D" type="Camera3D" parent="SpringArmPivot"]
transform = Transform3D(1, 0, 0, 0, 1, 0, 0, 0, 1, 0, 0.92951, 3.95181)
current = true
script = ExtResource("4_ojq3y")

[connection signal="animation_finished" from="Graphics/Character_Model/AnimationPlayer" to="." method="_on_animation_player_animation_finished"]

[editable path="Graphics/Character_Model"]
